   2.0000000e+00   7.1039114e-01   2.4204034e-01   3.7522074e-02   3.0942057e-01   1.0578701e+00  -1.7920906e-01
   2.0000000e+00  -4.1520474e-02   3.2353506e-01  -9.7751036e-01   1.0332175e+00   2.5557965e-01  -6.7145659e-01
   2.0000000e+00  -8.3623025e-01  -1.8060686e-01  -2.3547200e-01  -2.2681881e-01   1.1425674e+00   2.8764500e-01
   1.0000000e+00   3.5997749e-01   9.4952721e-02  -1.0800783e-01  -3.8224193e-01   6.2589990e-01   6.8314922e-02
   2.0000000e+00  -8.9143197e-01  -8.7018148e-03   2.8431421e-01   9.2089628e-01  -2.4344908e+00   3.1483847e-01
   2.0000000e+00   1.2253890e+00  -1.2427322e+00   1.2782611e+00  -1.0544953e+00  -9.4819480e-01  -1.7378598e+00
   2.0000000e+00  -4.4876749e-01  -7.0136900e-02   7.6262451e-02   7.7281778e-01   1.0631614e-01   1.1085136e+00
   2.0000000e+00  -7.0491931e-01  -7.6321412e-01   4.0779066e-01  -9.1237456e-01  -1.1267567e-01  -1.3632999e+00
   2.0000000e+00  -4.2489682e-01   1.3765897e+00   1.2219611e+00  -8.1812766e-01  -1.1032993e+00   1.3755474e-02
   1.0000000e+00  -6.4244444e-01  -6.6225555e-01   3.1668890e-01   3.2766506e-01   6.5988126e-01   1.9050357e-01
   2.0000000e+00   1.6687066e+00  -3.6352594e-01   7.1926123e-01   8.6459787e-02  -9.6313639e-01   1.1727561e+00
   2.0000000e+00  -2.2743051e+00  -4.7111284e-01  -1.5755796e+00  -1.6455359e+00  -2.5638158e+00   1.3904481e+00
   2.0000000e+00  -6.8628679e-01   1.1760876e-01  -2.7610147e-01  -8.4231862e-01   5.8995634e-01  -1.1500585e-01
   2.0000000e+00   6.9010597e-01  -1.2168874e+00  -7.8014339e-01  -5.5709566e-01  -1.3834791e+00   3.5656422e-01
   2.0000000e+00   8.8867864e-01   1.9026347e-01   9.4983296e-01   2.6012535e+00  -1.1331432e+00  -5.9051263e-01
   2.0000000e+00   2.1204444e-01  -9.9954479e-01  -4.1215198e-01  -4.7830026e-01  -1.6375426e+00  -4.7744645e-01
   2.0000000e+00  -4.0453377e-01   1.8078783e+00  -1.2850226e+00   1.6386075e+00   7.7049779e-01  -5.5160382e-01
   2.0000000e+00   2.4346835e+00   4.6072824e-01   2.4548220e+00   1.0504739e+00   4.5281555e-01   1.6272157e+00
   2.0000000e+00  -1.5334256e-02   4.4022801e-01  -1.2241468e+00   1.7263317e-01  -1.2656675e+00  -1.7548597e+00
   2.0000000e+00  -1.4368784e+00  -1.3008972e+00   1.1800874e+00   3.2736608e-01  -8.4866987e-01  -8.5311419e-01
   2.0000000e+00   1.0984228e+00  -3.6161976e-01   8.5772474e-01  -3.4085346e-01  -4.0207188e-01  -9.8404135e-01
   2.0000000e+00  -3.6286952e-01  -2.6256324e-02  -7.1825794e-01  -1.3983165e+00  -7.3920159e-02  -2.0600525e-01
   2.0000000e+00   2.7005153e-01  -1.0184892e+00   3.1299995e-01  -4.8673600e-01   3.4793840e-01   1.0837695e+00
   2.0000000e+00  -4.1894747e-01  -4.7736019e-01  -1.2374402e+00  -6.1948450e-01   1.0861361e+00   1.0214028e+00
   2.0000000e+00  -6.4584426e-01   2.0185667e+00  -1.1733714e+00   2.8218397e+00   1.6589831e+00  -1.7056161e+00
   1.0000000e+00   6.1012000e-01   1.6015566e+00   1.2865454e+00  -1.5281107e+00  -6.4286212e-01   8.3505081e-02
   1.0000000e+00  -1.5671802e+00  -3.1315148e-01   9.1000393e-01   5.7608385e-01  -6.7116053e-01   1.7508259e-01
   2.0000000e+00  -9.6633902e-01   1.2349090e+00   1.2298990e-01  -1.7096358e+00   4.5904475e-01  -1.0849094e+00
   2.0000000e+00  -9.5879882e-01  -1.6505951e-01  -4.3789749e-01   1.1652171e+00   1.2218534e+00  -1.1075287e+00
   2.0000000e+00   2.0879959e-01   1.3501956e-01   1.3892209e+00   5.6128446e-02  -9.1219489e-01  -1.1398462e+00
   2.0000000e+00   9.9085271e-01  -2.8397832e-01   1.2858747e-02  -2.7895609e-01   1.9457152e-01  -4.9808066e-01
   2.0000000e+00  -6.2375676e-02  -8.2161770e-01  -1.4403596e+00   1.0152293e+00   1.1912683e+00  -1.3237446e-01
   2.0000000e+00  -2.1413483e+00  -4.9810550e-01  -1.5981135e+00  -7.2862039e-01   4.7946427e-01   1.0246849e+00
   2.0000000e+00  -8.4899112e-02   6.7725946e-01  -1.5922605e+00   4.4804946e-01  -2.8399527e+00   7.7115366e-01
   2.0000000e+00   9.9169850e-01  -9.3146742e-01   9.4597521e-01   9.0694950e-02  -6.2107579e-01  -1.3706673e+00
   2.0000000e+00  -6.4744789e-01  -4.0668789e-02   1.0336438e+00  -9.5770603e-01   2.8768338e-03  -9.1497375e-01
   2.0000000e+00  -3.5684594e-01   1.0852497e-01   2.0481373e+00  -5.6523404e-01  -8.3761119e-01  -1.1335721e-01
   2.0000000e+00   7.8492208e-01   2.9693530e-01   2.7086119e+00   2.2168077e-01  -1.8864610e+00  -9.0201485e-01
   1.0000000e+00   1.3117785e+00   1.0164403e-01  -1.3340540e+00  -1.9779708e+00   8.5728758e-01   4.3061675e-02
   2.0000000e+00   1.1268557e+00  -1.0508076e+00   8.1033841e-01  -1.9317563e+00  -5.7558799e-01   2.2210161e+00
   2.0000000e+00   1.8004560e+00  -7.1227688e-01   1.2028894e+00   8.5863774e-01  -1.5465286e+00  -9.9151601e-01
   2.0000000e+00  -3.5469933e-01  -1.0028213e-01  -8.5577013e-01  -8.4215675e-01   1.6090799e+00   1.0305610e+00
   2.0000000e+00   2.6215442e-02  -1.6908245e+00  -9.8244997e-02  -4.9583488e-01   3.0955449e+00  -4.6258381e-01
   2.0000000e+00  -1.4746918e+00  -9.3378412e-01  -2.1408758e-01  -7.2426529e-01  -2.4931556e-02  -4.2500274e-01
   2.0000000e+00  -1.5062471e+00  -2.5162038e+00   9.2130834e-01  -2.2255368e+00  -4.5476433e-01   1.1432345e+00
   2.0000000e+00  -4.9401017e-01  -1.2127851e-01   2.2416330e-01   5.0358969e-01   1.3615996e+00   2.8397839e-01
   2.0000000e+00  -3.9786294e-02   2.9812148e-01   1.5346469e+00   1.6912271e-01  -5.6263768e-01  -1.3003417e+00
   2.0000000e+00   7.4493353e-02   2.0409457e+00   7.3262685e-01  -9.0350886e-02  -1.3666936e-01   1.3559788e+00
   2.0000000e+00   2.4192265e+00  -2.8497433e-01  -1.3731969e-01  -1.7124450e+00   1.2849277e+00  -1.3969841e+00
   2.0000000e+00   9.0680408e-01  -1.8788147e+00   2.8954963e-01   6.0780951e-02  -8.9061659e-01   2.2612758e+00
   2.0000000e+00   7.5807174e-01  -1.0273455e+00   1.0323502e+00  -3.1856720e-01   1.6407719e-01  -1.3195823e-01
   2.0000000e+00   8.9954120e-01   9.8865735e-01   4.6314197e-01  -5.5524561e-01   1.3259382e-01  -1.3468905e+00
   2.0000000e+00  -2.6099899e+00  -1.0589180e+00  -1.8073157e+00   1.3500372e+00  -1.5669748e+00   6.2765873e-01
   2.0000000e+00   2.1391934e+00  -2.3362763e-01  -4.7001311e-01  -2.6141350e-01   1.0406432e+00  -2.5505761e-01
   2.0000000e+00  -4.1754980e-01   1.0862871e-01   3.9681853e-01  -2.1645151e+00   1.0384963e-01  -3.1462492e-01
   2.0000000e+00   8.9174225e-01   9.5632992e-01  -3.6405858e-01  -5.1239796e-01  -1.6115163e+00  -1.4897004e+00
   2.0000000e+00   1.5626115e+00   1.0922110e+00  -7.5862675e-01   6.8927251e-01  -1.3917008e+00  -1.0875109e+00
   2.0000000e+00   1.4389650e-01  -8.2898053e-01  -9.4712525e-01   3.5513015e-01   6.1710566e-02  -7.8949987e-03
   2.0000000e+00  -6.1595316e-01  -1.4930469e+00   9.3140675e-01  -9.0025302e-01  -3.5995363e-01   1.6155518e+00
   1.0000000e+00  -2.5420746e-01   2.3184729e-01   9.7953749e-01  -3.6902649e-02  -5.2707706e-01   4.1269739e-01
   2.0000000e+00  -7.3823815e-01  -9.9532551e-01  -1.3444956e+00   2.4681892e-01  -7.4373298e-01  -1.2443084e+00
   2.0000000e+00   2.3645450e+00  -1.2905408e-01   2.0477808e+00   1.0649712e+00   1.1972988e+00   4.4419172e-01
   2.0000000e+00   1.7529943e+00   3.4049104e-01  -1.1308075e+00   1.4774390e+00   7.0142209e-02  -1.4792144e+00
   2.0000000e+00   1.4539738e+00  -1.9987152e+00  -3.0179316e-01   5.9708806e-01   1.1443761e-01  -1.4471396e+00
   2.0000000e+00   1.1200075e-01  -1.6477860e+00   7.6624885e-01  -4.5587935e-01   4.2403431e-01  -8.9920842e-01
   2.0000000e+00  -5.4289752e-01   5.7104074e-01  -2.0722941e-01  -2.5888698e-02  -1.1531774e+00  -3.1265381e-01
   2.0000000e+00  -5.5984393e-01  -1.2345015e+00  -3.1139832e-01   7.4942450e-01   8.4202638e-01  -2.7278160e-01
   1.0000000e+00  -5.8879330e-01   8.1981177e-01   9.4472087e-01   7.3863854e-02   4.0749485e-01   9.4253148e-02
   2.0000000e+00   1.3962428e+00  -5.3091021e-01   3.0508294e-01  -1.0093601e+00  -4.0764848e-01  -5.8157402e-01
   2.0000000e+00   1.1710526e+00   1.9650337e+00   1.1389834e-01  -2.9039470e-01  -5.3831263e-01  -1.0729826e+00
   2.0000000e+00   8.9412998e-01  -2.6969075e-01  -8.0528158e-01   6.3711780e-02   9.2655304e-02   1.1444972e+00
   1.0000000e+00  -1.0560306e+00   1.0704705e+00   3.2548163e-01  -1.0790944e+00   4.1102669e-01   8.3722628e-02
   2.0000000e+00  -3.7507645e-01   2.0538195e+00  -6.8876827e-02   2.7786157e-01  -9.1712255e-01  -1.2558421e+00
   2.0000000e+00  -5.0827084e-01  -8.5447594e-02  -3.3188713e-02   1.3667678e+00  -4.6763229e-01   2.6043150e+00
   1.0000000e+00  -1.3943728e+00   1.2029239e+00   1.0749113e+00   1.2282172e+00  -6.9473703e-01   4.6598160e-02
   2.0000000e+00   5.0490846e-01  -9.6131861e-01  -3.6974107e-01   5.0342995e-01   9.2805848e-01  -2.7913658e+00
   2.0000000e+00  -8.3355959e-01  -1.1923897e+00   7.5703421e-01   5.0826331e-01  -1.6769194e-01  -1.1620843e+00
   2.0000000e+00  -2.8146531e-01  -3.3469509e-01  -1.2180076e+00  -1.4963712e-01  -2.2317040e+00   1.1212527e+00
   1.0000000e+00   4.3088588e-01  -3.7009931e-01  -4.8246081e-01   9.6213278e-01  -5.5526449e-01   2.6484139e-02
   2.0000000e+00  -2.5069686e-02   2.0716077e+00   3.5308480e-01   2.2708682e-01  -3.4020838e-01   3.3462769e-01
   2.0000000e+00   6.7649125e-01  -4.4898178e-01   6.3841975e-01  -1.3886366e-01   4.2356837e-01  -9.5273705e-01
   2.0000000e+00   1.2022635e+00   1.5589358e+00   4.6609074e-01  -7.8475999e-01   1.6626601e+00   1.9987485e-01
   1.0000000e+00   6.2371863e-01   8.1954603e-01   3.6697316e-01  -1.3427092e+00  -7.0691930e-01   2.8738800e-01
   2.0000000e+00   1.6118596e+00  -1.3952555e+00  -5.5318380e-01  -6.4735803e-02  -1.3640935e+00   2.4806408e-01
   2.0000000e+00  -5.0888032e-01  -2.2091271e+00   1.7716838e+00  -9.3955726e-01  -1.1855205e-01   3.2167292e-01
   1.0000000e+00   2.6327737e-01  -7.2055799e-01  -8.7970578e-01   5.8841523e-01   4.1380082e-01   1.6606611e-01
   2.0000000e+00  -2.3135211e-01  -5.9068161e-01  -9.4570122e-01   1.1384495e+00  -4.7384282e-03  -8.7827226e-01
   1.0000000e+00   8.0307004e-01   1.0334157e+00   1.9435600e+00  -2.0134524e+00  -2.0347859e-01   7.3646377e-02
   2.0000000e+00  -7.5942149e-01   1.6329012e+00  -5.3970780e-01  -1.9520939e+00  -1.9246345e+00  -1.5948244e+00
   2.0000000e+00  -1.1274607e-01   1.2941466e+00  -1.3865486e-01   1.5788779e+00  -1.2027041e+00   2.3054464e-02
   2.0000000e+00  -8.4848596e-01  -1.0437473e+00   2.5678171e-01  -1.2807715e+00  -1.5780419e+00   2.0238355e-01
   2.0000000e+00   4.1809933e-01   1.2903774e+00  -8.4021679e-01   1.1938715e-01   3.9079095e-01  -1.5288481e+00
   2.0000000e+00  -9.1451678e-01   9.1944802e-01  -2.7754195e-01  -5.3905348e-01   2.6595233e-01   1.7174399e+00
   2.0000000e+00  -1.7374164e+00   8.6589610e-01  -7.0913820e-01   6.1300755e-02   9.1568754e-02  -9.1919110e-01
   2.0000000e+00  -1.9943168e-01   1.1511663e+00   9.9276228e-01   6.0373463e-01   1.6833523e+00  -5.2540483e-01
   2.0000000e+00  -3.7248141e-01   8.4606250e-01   3.0976258e-01  -1.5963147e-01   5.2851703e-01   1.0547011e+00
   1.0000000e+00  -1.2644118e-01  -4.3212200e-01   2.5675601e+00  -2.1895446e-01   3.2762036e-01   8.6628525e-01
   2.0000000e+00   1.7444160e+00  -1.2852266e+00  -3.1706091e-02  -3.7311329e-01   2.7950899e-01  -4.1670433e-01
   2.0000000e+00  -9.0099528e-02   1.1056930e+00   6.0016389e-01   1.0622062e+00  -1.0832891e+00  -2.8233587e+00
   2.0000000e+00   3.4949647e-01  -8.7833098e-01  -1.0583155e+00  -5.4828814e-01   3.7671165e-01  -3.7005400e-01
   2.0000000e+00   1.5599915e+00  -2.1822901e+00  -2.0695780e+00  -9.0118935e-01   6.9388053e-03   1.9619014e+00
   2.0000000e+00  -2.1313489e+00   1.9954954e+00   2.1523384e+00   2.2163370e-01  -1.3497504e+00  -1.6716947e+00
   2.0000000e+00  -4.3428918e-02   5.3658755e-02  -3.7567334e-01   4.9570863e-01   1.3693568e+00  -6.3396787e-01
   2.0000000e+00   1.5241287e-01  -1.4731090e+00   1.7875679e-01   1.7601673e+00  -1.1280803e-01  -3.4663319e-01
   2.0000000e+00   2.8091830e-01  -2.9105640e-01  -4.4465853e-01   1.7234857e+00   8.2847470e-01  -7.9354989e-01
   2.0000000e+00   1.3761087e+00   6.6312017e-02   2.0501970e-01   1.3295897e-01  -4.8932623e-01   1.1663498e+00
   2.0000000e+00   3.6094047e-01  -1.9994439e+00  -9.3378239e-01   3.7337797e-01   1.5909155e-01   1.1075023e+00
   2.0000000e+00   1.2796896e+00   1.1151717e-01  -4.1559365e-01   4.6711613e-01   3.1598182e-01  -1.2693943e+00
   2.0000000e+00  -5.0807907e-01   3.4871071e-01  -3.7243734e-01  -2.3877048e-01  -1.5392296e+00  -8.8189699e-01
   2.0000000e+00   8.4438744e-02  -5.1218695e-01   7.9208024e-01  -1.2519829e+00   7.1149925e-01  -1.2273081e+00
   1.0000000e+00  -3.5546480e-01  -6.8163109e-01   4.9885727e-01  -9.1868628e-02  -6.2623429e-01   1.8975670e-01
   2.0000000e+00  -1.8471536e+00  -2.2670505e-01  -3.0737903e-01   8.7789726e-01  -8.7861488e-01   2.6971777e+00
   2.0000000e+00   1.1791911e+00  -1.6475845e-01   1.7332601e-01   2.0309829e-01   5.0564415e-01  -2.1405803e-01
   2.0000000e+00   2.6965949e-01   2.5245599e-04   1.1166192e+00   1.9928651e-01  -5.7862258e-01  -1.4792682e+00
   2.0000000e+00   1.0265606e+00   1.5065225e-01   1.0803583e-01  -2.4716415e-01  -8.9929639e-01  -1.4308675e-01
   2.0000000e+00  -1.8477654e-01  -1.0407473e+00  -3.0184001e-01  -1.1116413e+00  -8.0399204e-01  -7.7705452e-01
   2.0000000e+00  -1.6927440e+00  -9.3925740e-01  -6.5730985e-02  -1.3274701e+00  -4.1888779e-01  -1.5928414e+00
   2.0000000e+00  -1.0928252e+00  -8.2529101e-01  -3.8919286e-01  -4.1227746e-01  -9.9408433e-02  -1.1390152e+00
   2.0000000e+00  -7.9659804e-01  -1.6632094e-01   1.0815576e-02   2.6232236e-01  -1.9598880e+00   3.9309335e-01
   2.0000000e+00   1.7311083e+00   1.6211569e+00  -5.3367708e-01  -9.8939786e-01  -1.0065877e+00  -1.5498564e+00
   2.0000000e+00   8.4142401e-01  -6.6959350e-01   3.7791829e-01   2.6869992e-01   6.8639569e-01  -1.7424248e+00
   2.0000000e+00   2.4392315e+00  -2.6504230e+00   3.5794346e-01  -1.0209330e+00  -2.6030051e-01  -1.1998990e+00
   2.0000000e+00   1.6220986e+00  -1.8225522e+00  -2.0888485e+00   1.0494850e+00  -4.2902323e-01   1.0315427e+00
   2.0000000e+00  -1.2674945e+00   3.1913764e-01  -8.7404910e-01  -7.6499837e-01  -6.9803108e-01   1.5614230e+00
   2.0000000e+00  -3.7186649e-01  -1.3109401e+00  -1.5573378e+00  -1.3885971e+00   8.1166417e-01  -8.3276756e-01
   2.0000000e+00  -1.3274157e+00  -6.1420428e-01  -4.4421821e-01  -2.9582168e-01  -5.8796996e-01  -1.1335138e+00
   2.0000000e+00   1.6693884e+00  -4.3559776e-01  -1.3446184e+00   6.5769514e-01  -1.0629248e+00   4.0198246e-01
   2.0000000e+00   2.7718286e-03  -7.2863800e-01   8.9278505e-01   2.0819212e+00   3.4545958e-01  -3.2843034e-01
   2.0000000e+00   2.2426270e+00   7.3611741e-01  -1.8950282e-01   1.5939536e-01   2.8670447e+00  -1.0329924e+00
   2.0000000e+00   6.0777658e-01   5.1788879e-01  -2.1706057e-01  -1.1262895e-01   2.1080228e+00  -2.0736887e-01
   1.0000000e+00  -2.4087678e-01   7.2065830e-01   5.4969721e-01  -4.3667637e-01  -4.7121322e-01   3.2956778e-01
   2.0000000e+00  -2.6917478e-01   1.2624202e-01  -7.1789133e-01   1.7818242e+00  -5.9577295e-01  -9.1580445e-01
   1.0000000e+00   3.4783472e-01   5.7020686e-01   1.3381343e+00   1.1552584e+00   5.6292565e-01   2.7017585e-01
   2.0000000e+00   7.3720544e-01  -2.6494058e-01  -6.3771704e-01   5.2557058e-01  -2.4480241e-01  -1.0329058e+00
   2.0000000e+00  -1.5886065e-01   8.3827335e-01   1.8565681e+00   9.6109073e-01  -7.7234978e-01   1.1350523e+00
   2.0000000e+00   1.6924870e+00  -2.7769411e-01  -2.6747803e+00   4.6300138e-01  -9.4505195e-02  -5.8525163e-01
   2.0000000e+00  -1.5545632e+00  -2.4942817e+00   4.4669329e-01   1.3264848e+00  -4.5389249e-01   9.3100785e-01
   2.0000000e+00   5.3037176e-01  -1.3135758e-02   4.2485725e-03  -7.4494493e-02  -1.7847265e+00   8.7354006e-01
   2.0000000e+00  -4.5574343e-01  -8.2831200e-01  -3.1245650e-01  -1.9023238e+00  -5.2290786e-02  -1.1590813e+00
   2.0000000e+00  -7.6229402e-01  -2.9926765e-01   1.0551555e+00  -3.4531297e-01   1.1408412e+00  -2.4410110e+00
   2.0000000e+00   2.8274687e-01   9.2797518e-01  -8.4920832e-02  -8.9702866e-01   1.0708247e+00   2.6786764e-01
   2.0000000e+00   7.9770936e-01  -3.6120018e-01  -1.1371111e-01   9.3297360e-01   1.2213752e-01   1.5447264e+00
   2.0000000e+00   1.5134391e-01   6.0463028e-02   9.4733904e-01  -1.2596189e+00  -1.3759483e+00  -8.4505142e-01
   2.0000000e+00   5.9935717e-01  -1.2735929e+00   2.7205900e-02   1.3897528e+00   8.8642427e-01  -4.2105651e-01
   2.0000000e+00   8.5304069e-02   2.3091138e-01   1.0508608e+00   1.5564221e-01   1.7437306e-01  -5.8685645e-01
   2.0000000e+00   6.7288262e-01   9.4940472e-01  -2.5948107e-01   6.4537858e-01   1.9911153e+00  -1.3062636e+00
   2.0000000e+00  -1.2765670e+00  -4.9846220e-01   1.0584871e+00  -6.6302154e-01   2.6717759e-01  -2.2367585e+00
   1.0000000e+00   4.6903818e-01  -3.0902363e-01   1.4857985e-01   5.1558107e-02   3.5335866e-01   2.7958408e-01
   2.0000000e+00   9.1931041e-01   1.4852374e-01  -1.1306191e+00   7.0910795e-01  -8.1860962e-01   8.5443562e-01
   1.0000000e+00   5.4070625e-01  -1.1357542e+00   5.2140847e-01  -8.3779211e-01   1.1064276e-01   6.1603838e-01
   2.0000000e+00  -5.6922739e-01   2.5211294e+00  -1.6636828e+00   1.2932176e-01   6.7181978e-01   1.2997169e+00
   2.0000000e+00   2.5986727e-01  -2.1693144e-01   3.1525475e-01   1.0979300e+00   4.4891974e-01   1.1219792e+00
   2.0000000e+00   8.3647671e-01  -5.4509029e-01   8.4200382e-01  -2.2124253e+00  -3.0491670e+00  -6.1027812e-01
   1.0000000e+00  -1.0927639e+00  -5.1351923e-01  -8.6526016e-01  -9.8431483e-01  -2.2944272e-01   2.4544958e-01
   2.0000000e+00  -6.3492649e-01   6.5121601e-01  -1.7541098e+00   1.3462875e+00   1.2760289e+00  -5.7415537e-02
   2.0000000e+00   1.0761672e+00  -3.8802340e-01  -1.0347868e+00   4.0677438e-01  -9.6398185e-01  -6.8153549e-01
   2.0000000e+00  -1.5094734e+00  -9.0931748e-01  -6.4735091e-01   1.2707308e+00  -1.7467196e+00  -1.1511017e+00
   2.0000000e+00  -4.5788810e-01  -1.7533657e-01   3.7061717e-01  -2.2798540e+00  -1.2044611e+00  -7.2911972e-02
   2.0000000e+00  -4.8485799e-01   1.0985335e+00  -2.7702555e-01  -2.9610301e-01   1.0980221e+00  -1.3161114e+00
   2.0000000e+00  -1.3255999e+00   3.4975772e-01  -4.4052280e-01  -5.4210460e-01   1.0659689e-01  -1.2205545e+00
   2.0000000e+00   1.7480207e+00  -9.7874674e-01  -1.6254026e+00  -3.5961184e-01   2.0117428e+00   5.5381317e-01
   1.0000000e+00   5.8724876e-01   8.1923797e-01  -9.6240585e-01  -8.0398670e-01   3.3884061e-01   5.8541542e-01
   1.0000000e+00  -4.0147689e-01   5.8412969e-01   1.1437495e+00  -8.1097343e-02   3.8412784e-01   5.3117471e-01
   2.0000000e+00   1.2136303e+00   1.3796204e+00  -4.9176179e-01  -6.5735252e-01   2.1106763e+00   1.2030615e+00
   1.0000000e+00   1.4183480e-01   2.9014024e-01  -4.3345969e-01  -1.0610155e+00  -8.6631326e-01   3.1126374e-02
   2.0000000e+00   1.2703143e+00  -2.8333442e-01  -2.1764849e+00  -1.3828675e-01   1.5651099e+00  -1.0234706e+00
   2.0000000e+00   8.7116939e-01   1.9508152e+00  -9.5967387e-01   1.1038828e+00   7.4032113e-01  -2.0066261e-01
   2.0000000e+00   1.0404883e+00  -2.0433892e-01  -2.6703891e-01  -2.1456417e-01  -7.4016701e-01  -1.0041562e+00
   2.0000000e+00  -6.4422502e-01   4.4195211e-01   1.3473523e+00  -3.1254272e-01   1.3457170e+00   1.9312716e+00
   2.0000000e+00  -5.9901120e-02   1.6513808e-01  -7.3848947e-01   1.0587255e+00   1.3676412e+00   1.6927974e-01
   2.0000000e+00   3.9899877e-01  -7.2943147e-01   6.3126003e-01  -9.4762194e-02   2.9258852e-01  -7.3514473e-01
   2.0000000e+00   1.0512532e+00  -1.1743829e+00  -3.5068859e-01  -5.4867279e-01  -3.1158361e-03   1.2978051e+00
   1.0000000e+00  -2.3543048e+00   1.1227546e+00   1.0219760e+00  -9.1396953e-01  -5.1211346e-01   5.4740398e-02
   2.0000000e+00   8.1863394e-01   4.6636590e-01  -7.7778158e-01  -5.3955755e-01   2.2710272e-01  -1.5449954e+00
   1.0000000e+00  -7.2190275e-01  -1.4993042e+00  -5.5079201e-01  -3.5272331e-01  -1.0904651e-01   7.5595415e-01
   2.0000000e+00  -6.4456694e-01   1.2157073e+00  -1.3899774e+00   6.2059306e-01  -1.5575003e+00   2.9258723e-01
   2.0000000e+00  -7.8658273e-01  -1.4929736e+00  -4.6634291e-01  -1.0232819e+00   3.2289283e-01  -2.2467034e+00
   2.0000000e+00   3.6113644e-01  -3.7322896e-01   1.4289605e-01   2.4837939e-01  -1.2304226e+00  -8.0247394e-03
   2.0000000e+00  -1.7452730e-01   1.3761218e-01   4.7321652e-01  -1.0868033e+00   2.2824599e+00  -9.9817032e-02
   2.0000000e+00   8.2414072e-02   9.2126844e-01  -1.5685603e+00   1.0544917e-01  -1.6693189e+00   2.6996632e-01
   2.0000000e+00   2.1257423e+00  -2.1021429e-02  -2.6745243e-01  -4.0177991e-01   1.1151327e+00  -4.1165426e-01
   1.0000000e+00   5.0953990e-01   3.2862729e-01  -3.1648225e-01  -5.9901897e-02   5.1740348e-01   3.5548131e-01
   2.0000000e+00   4.9369867e-02  -5.7092983e-01  -7.8772069e-01   3.1132488e-01  -1.2369603e+00   7.7728497e-02
   2.0000000e+00   5.0406746e-02  -1.7899456e-01   2.5376246e-01  -1.3339834e-01  -8.2416251e-01  -5.8880112e-01
   2.0000000e+00  -1.3265378e-01   1.1755247e+00   1.0599483e+00   1.0325431e+00   1.2138348e+00   1.5312107e-01
   2.0000000e+00   5.7540746e-01  -3.4600442e-01   2.5055955e-01  -1.0083239e+00   1.0621979e+00   1.0845921e+00
   2.0000000e+00  -8.6922082e-01   2.0231713e-01   1.6062651e-01  -5.4897665e-01   2.7800689e-01   1.2748258e+00
   2.0000000e+00   1.2086808e-01   1.1932142e+00   9.3378177e-01   1.7354914e-01  -5.9237935e-01  -6.9075412e-01
   1.0000000e+00   5.8509817e-01   1.4897779e+00  -6.2513610e-01   1.9872867e+00  -7.8755744e-01   1.6902972e-01
   2.0000000e+00   3.9961171e-01  -9.7009288e-02  -8.9955321e-01   1.1234214e+00  -8.5034318e-01  -3.3223130e-01
   1.0000000e+00   9.0273062e-01   1.2270466e+00  -6.4658366e-01  -3.1266015e-01   7.0518982e-02   4.3895059e-01
   2.0000000e+00   8.4302080e-01  -2.5676416e+00   2.6376890e-01  -5.3352582e-01   1.4900506e+00   2.1067897e-01
   2.0000000e+00   6.7269156e-01  -3.2590417e-01  -1.1652037e-01  -5.2450264e-01  -4.8433269e-01   9.3111202e-01
   2.0000000e+00  -9.0516134e-01   2.4104752e-01  -6.4353165e-01   1.3685510e+00  -2.6531768e-01   2.4969873e+00
   1.0000000e+00  -5.4912401e-01   6.7836556e-01  -6.3171961e-01  -2.9667076e-01  -8.4691182e-01   4.9933473e-01
   2.0000000e+00   3.0676048e-02   5.9247154e-01  -2.1710414e+00   8.8999897e-01   2.1060443e+00   5.7844552e-01
   1.0000000e+00  -8.1864013e-01   4.6076927e-01  -4.8925433e-01   7.8468683e-01  -1.6249555e-01   8.6202888e-01
   2.0000000e+00  -1.0614145e+00  -2.0974047e-02  -2.2215343e+00   1.3884323e+00   3.5097802e-01  -3.7308818e-02
   2.0000000e+00   1.9869740e-01  -8.5567380e-01  -1.3834063e+00  -5.3247590e-01  -5.1258724e-01  -1.9083903e-01
   2.0000000e+00  -6.3531890e-01   2.4924803e+00  -2.9249914e-01  -1.0060766e+00   3.4978001e-01  -1.4876458e-01
   2.0000000e+00  -4.8299763e-02  -1.2207648e+00  -5.3296095e-01  -1.1912121e-01  -1.8376615e-01   1.0018115e+00
   2.0000000e+00   5.3948693e-01  -1.8098705e-01   2.0012652e+00  -3.6666750e-01   3.3485846e-01  -2.2746865e+00
   2.0000000e+00   9.7946183e-01   1.6951077e-01   3.6941774e-02   1.1649264e+00  -1.1490717e+00  -1.3702966e-01
   2.0000000e+00  -1.0891762e+00  -1.0736163e-01  -2.4440932e-01  -3.0749182e-01   1.0702761e+00   2.5639326e+00
   2.0000000e+00   1.8615881e-01  -9.2219045e-01   1.2733672e+00   2.5380277e+00  -7.4099709e-01  -4.8057983e-01
   2.0000000e+00   1.4337680e+00   7.7934687e-01   5.0020572e-01  -4.7486535e-01   4.4091123e-02  -2.3415135e-01
   2.0000000e+00  -2.4261360e+00  -2.7276576e+00  -1.0758589e+00  -1.7951889e+00  -2.2318054e-01   7.7546757e-01
   2.0000000e+00   7.0161979e-01  -8.9580334e-01   8.3588907e-01  -1.6290010e-01  -1.6443551e+00   7.2868123e-01
   2.0000000e+00   1.2646925e+00  -9.3581382e-01  -5.6252187e-01  -6.6887165e-01  -2.1123775e+00  -3.5121808e-01
   2.0000000e+00   2.2309441e-01   2.0086803e+00  -5.8520223e-01   2.3570599e+00   8.5308728e-01  -1.0943894e+00
   1.0000000e+00  -9.6053633e-01   6.6052829e-01  -8.3053959e-02   3.5819726e-01   7.8470402e-02   9.3604479e-01
   2.0000000e+00   5.3040480e-01  -1.2363144e+00   1.2116799e+00   1.6459042e+00  -2.0853137e-01  -4.5967204e-01
   2.0000000e+00  -1.0197629e+00   7.0717671e-02  -5.6413735e-01   1.8023116e+00  -8.5303873e-01  -1.4888703e+00
   2.0000000e+00  -1.0875124e-01   2.5081081e-03   7.3263671e-01  -1.8722425e+00  -2.0447247e+00  -1.1761559e+00
   2.0000000e+00  -1.3566299e+00  -1.0167775e+00  -3.0257612e-01  -8.3922841e-02   5.7015159e-01   1.4637739e+00
   2.0000000e+00  -2.7570767e-01  -1.3841211e-01   6.3264691e-01   1.3149796e+00  -8.2578796e-01  -4.6909933e-01
   2.0000000e+00  -2.2839211e-01   1.6676255e+00  -2.7390005e-01  -8.1683522e-02   6.9396960e-01  -2.4913381e-01
   1.0000000e+00  -6.8415419e-01  -1.3093605e+00   9.7502724e-01   1.3020417e+00  -1.2489609e-01   9.0994028e-02
   2.0000000e+00  -7.8196674e-01  -1.1530352e+00   8.8488872e-01   1.1917602e+00   6.8617764e-02  -1.0585797e+00
   2.0000000e+00  -5.2523345e-01  -7.9948799e-01  -8.1297296e-01   9.5482541e-01  -3.6440985e-01   1.0253933e+00
   2.0000000e+00  -3.2715704e-01   6.7729477e-01   2.8691988e-01  -1.0736220e+00  -4.7476179e-01  -1.3220748e+00
   2.0000000e+00  -1.5768510e+00   2.0858008e+00   1.4070135e+00  -8.3514137e-01  -6.0247887e-01   1.5932028e+00
   2.0000000e+00  -1.2429570e+00   8.9858085e-01   2.9194235e-01   2.8289025e+00   1.1082174e+00   1.2822831e+00
   1.0000000e+00  -1.0630235e+00  -1.0143948e+00  -7.6994691e-01   8.2637990e-01  -3.6261201e-01   3.4511420e-01
   2.0000000e+00  -1.5013140e-01   1.6668355e+00   6.0620818e-01  -1.3330102e+00   1.6508441e+00   2.1569317e+00
   2.0000000e+00   6.4010666e-01  -1.2770279e-01  -1.5743643e-01  -2.0747250e+00  -1.0192713e+00   5.0651974e-01
   2.0000000e+00   8.8878331e-01  -1.0216141e+00   7.7895140e-01   5.9418512e-01   1.1531624e+00  -3.3256786e+00
   2.0000000e+00   4.4319489e-01   2.1594869e+00   1.0725789e-01  -9.1870992e-01  -3.8519471e-02  -5.0316285e-01
   2.0000000e+00  -2.4549484e-01  -4.8530516e-01   1.0985056e+00   3.9094735e-01   8.8367368e-01  -6.4405053e-01
   2.0000000e+00  -6.4905272e-01  -1.3694445e+00  -1.4444867e+00   3.0436306e-02   3.2542378e-01  -1.9609411e-01
   2.0000000e+00  -2.6105346e+00  -7.4633357e-01   5.1629540e-01  -5.1978405e-01   3.3754943e+00  -1.2225968e+00
   2.0000000e+00  -3.5624868e-01  -1.7629031e-01  -9.5994744e-02  -1.4556613e+00  -1.1594351e-01  -2.1553036e-01
   2.0000000e+00   1.3477060e-01   4.8917222e-02   9.6052267e-01   5.1692144e-01   2.1143831e+00  -4.7403936e-01
   2.0000000e+00  -2.6164004e-02  -2.6011834e-01  -4.7542531e-01   9.7196793e-01  -2.2242780e+00  -1.1660452e+00
   1.0000000e+00  -4.5980954e-02  -4.4210566e-01  -4.2826283e-01   9.6561580e-02   2.6210866e-01   7.0184876e-02
   2.0000000e+00   3.7054296e-01  -5.9019518e-01   2.6289733e-01  -9.4487649e-01  -2.5082863e-01   2.3488691e+00
   2.0000000e+00  -1.3892973e+00   1.9699568e+00  -1.0269720e+00   3.5196152e-01  -1.8942812e+00  -3.0140860e-01
   2.0000000e+00  -3.6973993e-02   5.9075162e-01  -2.7227624e+00  -7.8135393e-01  -8.0718224e-01   6.5641494e-01
   2.0000000e+00  -6.7614271e-01  -7.5436466e-01  -1.0365773e+00   3.7594044e-01   5.5040506e-01  -9.2187882e-01
   2.0000000e+00  -4.2920787e-01   8.4257927e-01   1.6114083e+00  -2.1101958e+00   5.2339727e-01  -1.1630995e+00
   2.0000000e+00   1.4751436e+00  -1.4230702e-01   3.6946592e-01   5.2466598e-01  -2.8240621e-01  -2.9401507e+00
   2.0000000e+00   1.3862438e+00   1.1655416e+00   1.7614369e+00   7.2802081e-01   1.0889401e+00  -2.1644774e-01
   2.0000000e+00  -3.8959096e-01  -1.1541598e+00   2.6335192e+00  -4.4551611e-01   1.0401103e+00   6.0890758e-02
   2.0000000e+00   7.2379328e-01   1.8415166e+00   2.3270278e+00   4.3013711e-01  -2.7624845e-02  -9.6696250e-01
   2.0000000e+00  -9.9165877e-01   3.9594503e-02   9.9385213e-01   6.6519762e-01  -2.4171915e-01   1.9794235e+00
   1.0000000e+00   3.6540829e-01   1.5282549e+00  -6.7389593e-01  -6.5438206e-01  -5.4917917e-01   3.4924981e-01
   2.0000000e+00  -1.0317116e-01  -4.9313505e-01  -9.9789603e-02  -2.1162186e-01  -3.3855858e-01  -2.2774290e-01
   2.0000000e+00   1.3434051e-01   2.2642657e-02  -1.6887664e+00   1.1075895e+00   1.2260211e+00   1.4471297e+00
   2.0000000e+00  -2.6654830e+00  -1.1676779e+00   6.0761991e-01  -1.3475699e+00   1.4388326e-01  -2.0244404e+00
   2.0000000e+00  -8.7101203e-01  -7.0493112e-01  -1.3108393e+00  -5.2933778e-01  -8.9057102e-01   1.5842002e+00
   2.0000000e+00  -1.8639366e-01   3.1483253e-02   7.4910680e-01   1.1657051e-01  -1.0158989e+00   3.0139916e-01
   2.0000000e+00  -5.1560618e-01  -1.7030833e+00  -5.8344448e-01  -2.0618227e-01   9.5031044e-01  -1.0567381e+00
   2.0000000e+00  -5.7801249e-01  -2.1171116e+00   9.3447235e-01  -3.4080408e-01   1.8498923e-01  -1.7473910e+00
   2.0000000e+00  -1.8157109e+00   3.9494894e-01  -1.5252589e+00   3.9866140e-01   9.5803564e-02   1.6404532e+00
   2.0000000e+00  -1.4620093e+00  -1.1771724e+00   9.4391914e-01  -2.6722616e-01  -2.9340592e-01  -3.7202246e-01
   2.0000000e+00   1.2748404e+00  -8.7681312e-01  -6.8208767e-01  -1.0253612e-01   1.2027169e+00  -9.5792643e-01
   2.0000000e+00  -1.2061951e+00   1.1929377e-01   6.9366156e-01   1.1531730e+00  -1.3510956e-01  -1.6375773e+00
   2.0000000e+00  -3.7899011e-01  -4.9866042e-01  -3.9547794e-01   1.1406934e+00   5.9294339e-02  -4.9999798e-01
   2.0000000e+00  -1.6369642e+00   7.3225814e-01  -4.6560713e-01   6.2017471e-01   1.7950786e+00  -1.9884667e-01
   1.0000000e+00  -6.8483450e-01  -8.9415987e-01   5.1610017e-01   6.0791988e-01  -1.4632922e-01   3.5569926e-01
   2.0000000e+00  -1.4323098e+00  -1.0680639e+00  -1.0949184e-01  -6.8593035e-01  -4.1839651e-01  -2.2805950e-01
   2.0000000e+00  -1.2174803e+00  -7.0070740e-01   7.1930068e-01  -2.4295255e-01   2.9510834e-02  -3.6539793e-01
   2.0000000e+00   5.8798905e-01  -1.1778119e+00  -8.8481723e-01  -2.9237474e-01  -3.8391618e-01  -9.6263129e-01
   2.0000000e+00  -3.6006326e-01  -9.7217336e-01  -1.5337829e+00   4.7801998e-01   1.3688278e-01  -3.4661968e-01
   2.0000000e+00  -6.7105884e-01  -2.9924778e-01  -1.5070508e-01   3.2016477e-01   1.2680099e+00  -8.9756027e-01
   1.0000000e+00   1.4739133e-01   1.2582490e+00  -1.4711872e+00   1.3779303e+00   5.7448027e-01   1.5706429e-01
   2.0000000e+00   1.8659931e+00   1.1081673e-01   4.5108084e-01   6.2213976e-01  -1.3941776e+00  -1.0862856e+00
   1.0000000e+00  -7.7841244e-01   8.0906395e-01   7.7619623e-01  -1.3373323e+00  -5.5446734e-01   4.6899866e-01
   2.0000000e+00  -3.2562038e-01   5.2593154e-01   1.9021264e+00   4.6736974e-01  -7.7549302e-01  -3.8653503e-01
   1.0000000e+00   6.4046620e-01   7.8698580e-01   4.1886438e-01   8.8030264e-01   6.6600349e-01   3.3712805e-02
   2.0000000e+00  -3.3188992e-01   1.2716596e-01   9.8052611e-01   1.8096483e-01   4.5248707e-01  -1.5136522e-01
   2.0000000e+00   1.0653834e+00  -4.5521976e-01  -1.6057974e-01  -9.1466183e-02  -2.2212328e-01  -4.2207675e-01
   2.0000000e+00   2.3679858e+00  -1.8380212e+00   1.7002628e-02   1.3691019e+00   1.4866338e+00  -1.1275973e+00
   2.0000000e+00  -3.2177899e-01  -5.9860231e-01   2.5313357e-02  -2.0724386e-01   8.8898371e-01  -7.4999415e-01
   2.0000000e+00   4.3049021e-01   1.3278207e+00   5.1797240e-01  -5.2208774e-01   9.8318207e-01  -9.2156693e-01
   2.0000000e+00  -3.6119576e-01  -7.8055863e-01   5.5195595e-01  -3.4660406e-02   1.1433542e+00  -1.1011079e+00
   2.0000000e+00  -3.7544480e-03  -8.7689423e-01  -6.3357088e-03  -6.3168699e-01  -4.4394701e-01  -9.8160416e-01
   2.0000000e+00  -5.8875452e-01   4.8046481e-01   2.3317268e-01   1.1578230e+00  -4.0184385e-01   1.1597706e+00
   2.0000000e+00   1.1797387e-01  -1.2379846e+00   9.6123271e-01  -1.5890203e+00   8.9783013e-01  -9.6440790e-01
   2.0000000e+00  -3.6311097e-01  -1.0650110e+00   2.1602871e+00   1.1758512e+00  -1.1741019e-01  -1.1509638e+00
   1.0000000e+00   1.3610526e-01  -1.5569255e+00   6.6346530e-01  -1.7092914e+00  -6.7474034e-01   5.3994740e-01
   1.0000000e+00  -1.0497113e+00  -1.6344245e+00   6.5390547e-01  -1.7284328e+00  -9.5215862e-02   3.4017401e-01
   1.0000000e+00   1.0195159e+00   8.7024084e-01  -9.4982978e-01   1.7192843e+00   5.6185477e-02   2.4023646e-01
   1.0000000e+00  -1.4212660e+00  -3.4955045e-01  -4.6217973e-01  -3.9080590e-01   4.9796428e-01   5.2450723e-01
   2.0000000e+00   1.0855442e+00   1.5938567e+00   2.2713744e+00  -4.0030517e-01  -9.9932854e-02  -1.4807646e+00
   2.0000000e+00  -6.4637660e-01   1.8442668e+00   2.8436950e-01   3.1671231e-03   1.7319562e+00   1.2572175e+00
   2.0000000e+00   4.1359387e-01  -1.7208864e+00   1.6002943e+00   2.9684820e-01   1.4556911e+00  -2.8964252e-01
   2.0000000e+00  -9.3266988e-01   4.6715749e-01  -2.2729268e-01   1.3865126e+00  -6.8514744e-01  -3.8998127e-01
   2.0000000e+00  -1.2271977e+00  -2.7154402e-02   2.5462701e-01   1.1825215e+00   9.6170057e-01  -4.9927244e-02
   2.0000000e+00   1.6701376e+00   1.0670483e+00  -2.4183454e+00   1.1148765e+00   2.1012408e-01  -1.5589799e-01
   2.0000000e+00   1.1621344e+00   3.4634309e-01   1.3252840e+00  -7.1036889e-01   1.6395805e+00   1.6800567e+00
   1.0000000e+00   2.0389256e+00   1.8079912e+00   1.2388232e+00  -1.8721657e+00  -1.0631462e-02   3.6140678e-01
   2.0000000e+00   5.5834382e-01   5.8779788e-01   7.3749773e-01  -9.0573683e-01   8.7012305e-02  -4.3380350e-01
   2.0000000e+00   4.9945662e-01  -1.0725179e+00   3.1451946e-01  -1.1098977e+00  -1.0812832e+00  -1.4215134e+00
   2.0000000e+00   1.0261441e-01   3.4012992e-01  -1.5080749e+00  -1.6770592e-01  -1.7846261e-01  -4.0393043e-01
   2.0000000e+00   6.3624316e-01  -7.5465368e-01   3.8081675e-01   2.9893157e-01   9.0241591e-01   1.0139934e+00
   2.0000000e+00  -5.9599659e-01  -2.9995460e-01   1.3845113e+00   1.1347865e+00  -9.1597491e-01  -2.4225613e+00
   2.0000000e+00   3.6244158e-01  -3.4661526e-01  -2.0171207e+00   6.4180567e-01  -7.7735349e-01  -1.0933868e+00
   2.0000000e+00   7.4716355e-02  -7.9526568e-01  -2.5615877e+00   4.6744655e-01   6.4357937e-01  -2.0817065e+00
   2.0000000e+00   5.8416405e-01  -7.3049793e-01  -2.5854397e-01  -3.1107984e-01  -1.3010881e+00  -3.7570922e-01
   1.0000000e+00   4.0282993e-01   5.6296817e-01  -1.2257694e+00   1.0414656e+00  -8.1744692e-01   4.8657200e-01
   2.0000000e+00   1.9267537e+00   5.4485373e-01  -6.6747766e-01  -3.5127053e-01   1.9342222e+00  -1.6690939e+00
   2.0000000e+00  -6.5532481e-01  -6.4239170e-01   4.2950705e-01  -8.3999105e-01   6.9467685e-01   1.4115803e+00
   2.0000000e+00   1.5362721e+00   5.7393214e-01   1.8195233e+00  -7.1535835e-02  -2.8452390e+00   1.5279703e+00
   1.0000000e+00   1.4593895e-01   7.8127167e-01   3.5793010e-02  -1.5191579e+00   6.2118895e-01   5.8417523e-01
   1.0000000e+00   2.1755187e-01  -8.5936764e-01  -6.9423239e-01   3.6595961e-01  -6.6633882e-01   3.5210549e-01
   1.0000000e+00  -9.4673591e-02  -1.7268727e-02   2.6284926e-01   5.1545048e-01  -8.4747882e-01   3.5796205e-01
   2.0000000e+00  -1.2437548e+00  -8.0221554e-01   6.2558652e-01  -2.7947973e-02   8.9261872e-01   8.1000964e-01
   1.0000000e+00   7.0259837e-01   1.1535808e+00  -1.7559717e-02   3.5519214e-01   1.6891028e-01   2.4798060e-01
   2.0000000e+00  -1.4444739e+00  -3.6415108e-02   2.7443022e-01   1.0148722e-01  -4.6280086e-01  -5.3127848e-01
   2.0000000e+00  -1.8715112e+00   9.9369383e-01  -1.1498646e+00  -5.0524958e-01  -1.1246989e+00   1.3766749e+00
   2.0000000e+00  -1.8512325e+00  -4.7157349e-01  -3.1159975e-01  -1.2504063e+00   3.2003703e-03  -2.1514047e-01
   2.0000000e+00  -7.4175780e-01  -1.6317606e-01  -7.7655164e-02   7.7199794e-01   6.6253837e-01  -1.8652886e-01
   2.0000000e+00   3.6581696e-01   1.2603032e+00   8.6769944e-02   8.0214677e-01   9.1084461e-01   1.5781535e+00
   2.0000000e+00  -1.6576163e+00  -1.9759431e+00   1.9844451e+00  -3.2556050e-01   5.1084066e-01   6.4935589e-01
   2.0000000e+00  -4.4605830e-01   4.5337447e-01   9.2261327e-01  -3.5957042e-02   2.5915666e-01  -1.6866693e-01
   2.0000000e+00  -1.9498098e+00   1.6536539e+00   7.9992907e-01   8.0404945e-01   9.3197761e-01  -8.2125751e-01
   1.0000000e+00   2.4121474e-01  -3.2394061e-01   1.1457931e-01  -1.9670734e+00   7.1387538e-01   4.4364833e-01
   1.0000000e+00   8.7903329e-01  -5.3510279e-01  -1.2290085e+00  -1.4339209e+00  -9.0259383e-01   2.2306451e-01
   2.0000000e+00  -2.0770065e-01  -5.0569131e-01   6.1084469e-01  -1.2957288e+00  -1.1978430e+00  -6.9795923e-01
   2.0000000e+00   1.2365072e+00   9.0509057e-01   9.9095896e-01   1.5016901e+00   9.1267628e-01   6.5441889e-01
   2.0000000e+00  -1.4908371e+00  -7.5933087e-01   1.1076435e-01  -8.7678721e-01   9.1646627e-01   3.0603209e+00
   2.0000000e+00   8.3779844e-03  -1.0670031e+00  -8.0808013e-01   1.7637714e+00  -2.5535025e-01  -4.6126062e-01
   2.0000000e+00  -6.5500635e-01  -9.1855779e-01   4.3374701e-02  -2.8312037e-01   5.5236429e-01  -1.5079466e+00
   2.0000000e+00  -6.3550415e-01   3.4735256e-01   9.9193808e-02  -2.4315585e-01  -2.7179360e-01   1.1700152e+00
   2.0000000e+00   3.9468353e-01  -1.7525172e+00  -1.4396538e-01  -5.0651693e-01   1.1910424e+00   5.1342069e-02
   1.0000000e+00   3.3030215e-01  -1.9700432e+00   2.3305776e-01  -1.5494291e+00  -7.9777846e-01   2.4191382e-01
   2.0000000e+00   2.1112105e+00   1.2791759e-01  -8.8220160e-01   7.4524140e-01  -2.1390630e-01  -3.0495661e-01
   2.0000000e+00  -3.1008865e-01  -1.3390189e+00  -1.3867217e+00   3.1362075e+00   1.1701432e+00   6.6333850e-01
   2.0000000e+00   3.5577750e-01  -4.4628819e-02  -8.1213832e-01  -2.2462908e-01  -9.5481056e-01  -2.7728904e-01
   2.0000000e+00   4.1165741e-01   7.6910833e-02  -6.3236444e-01  -7.4508049e-02  -3.5571330e-01   2.5820636e+00
   2.0000000e+00   5.1540052e-01   1.5448684e-01  -1.3060832e+00   1.2865028e+00   1.0738661e+00  -1.0271853e+00
   2.0000000e+00   6.1027829e-01  -4.1134215e-01   1.9544407e+00   1.5516782e+00  -2.4519185e-01  -4.5035836e-01
   1.0000000e+00   1.2530524e+00  -1.8594572e-01   5.0021977e-01   1.1763422e+00   1.1653150e-02   1.0099915e-01
   2.0000000e+00  -3.3263486e+00  -6.5177003e-01  -1.1235847e-01   1.0579807e+00   3.5571355e-01   1.1858712e+00
   2.0000000e+00   5.8457308e-01  -2.1973463e-01  -1.2699056e+00   9.1629434e-01   8.0529520e-01   1.0468612e+00
   2.0000000e+00   5.4114355e-01   2.0563927e+00   6.1005740e-03   3.5390556e-01   2.9174543e-01  -8.0581444e-01
   2.0000000e+00   1.5856563e+00  -2.9093871e-01  -5.0823672e-01   1.3206138e+00   1.6030580e+00   5.6610700e-01
   1.0000000e+00   9.3766425e-01   1.1405474e+00   2.1059160e+00  -4.9864223e-01  -4.9303242e-01   5.1851760e-01
   2.0000000e+00  -6.4285424e-01  -1.9800874e+00   3.9179304e-01  -3.9620262e-01  -1.1200010e+00   1.2232742e+00
   2.0000000e+00   2.7246683e+00  -9.9778237e-01   9.1720919e-01  -7.9369409e-01   1.3259046e+00  -7.7365903e-01
   2.0000000e+00   5.9378195e-02  -6.3885995e-01   1.5179540e+00  -6.5596350e-01   1.2641179e-01   2.1390705e+00
   2.0000000e+00   5.4385065e-02   7.0961337e-01  -3.3583183e-01  -1.8951415e-01  -9.9219831e-01   4.4389546e-01
   2.0000000e+00   1.6885773e+00   6.8259000e-01  -1.2062684e+00  -1.3973369e+00  -5.2561428e-02  -6.7980652e-02
   2.0000000e+00   8.2104083e-01   9.4275328e-01   5.2498927e-01  -1.1206232e+00  -4.3848127e-01   1.0479667e+00
   2.0000000e+00   1.9628561e+00  -5.7495984e-02  -9.5154480e-01   3.5723454e-02  -8.4263066e-01  -4.8877787e-03
   2.0000000e+00  -3.9033526e-01  -3.8754157e-01   1.2305332e+00   4.7420923e-01   6.5506692e-01  -8.8129292e-01
   2.0000000e+00  -1.3195000e+00   1.1511648e+00  -8.5018875e-02  -1.4411795e+00   1.1893214e+00  -1.5194869e+00
   2.0000000e+00   9.9227872e-02  -2.3543805e-01   1.2731712e+00  -3.7567725e-01   2.8287941e-01  -1.6228657e+00
   2.0000000e+00  -1.1102276e+00   1.5079598e+00   1.1692241e+00   1.0209436e-02  -9.3033866e-01   6.5419731e-01
   2.0000000e+00   1.4545381e+00  -3.6507136e-01   7.4527175e-01   1.2391994e+00  -1.3806568e-01   1.0151163e+00
   2.0000000e+00  -3.8533243e-01   3.3530341e+00  -1.2506988e+00   6.8779327e-01  -1.5802122e+00  -1.5223202e+00
   2.0000000e+00  -7.0589320e-01  -1.4565612e-01  -4.2229013e-02  -3.6899768e-01  -6.0944574e-01  -1.2102060e-01
   2.0000000e+00  -3.7036464e-01  -1.7907306e+00   8.9341964e-02   1.4419300e+00  -3.1318948e-01  -5.8548223e-01
   1.0000000e+00  -1.3616474e+00   1.1735603e+00  -4.0419265e-01  -8.3417603e-01   6.9483539e-01   4.3678235e-01
   1.0000000e+00   1.3207580e+00   5.3191498e-01   6.7095215e-01   6.3179943e-01  -5.4179663e-02   8.6298884e-01
   2.0000000e+00  -1.9622433e+00  -2.4417051e-01   2.8608692e-01   1.1488816e-01  -1.8818809e+00   7.4233125e-01
   2.0000000e+00   1.4239553e+00   3.5509509e-01  -7.7347436e-01  -3.8036811e-01   4.8182040e-01  -9.3965314e-01
   2.0000000e+00  -3.7035212e-01  -1.0468688e+00  -7.1993010e-01  -4.8233142e-03  -2.8886372e+00  -8.1996300e-01
   2.0000000e+00   1.4976383e-01  -4.3034872e-01  -7.5625403e-01   3.0180393e-01  -4.1319456e-01  -9.3504465e-01
   2.0000000e+00   9.5150499e-02  -1.7519097e+00   1.1160511e+00  -8.4217536e-01   1.7089583e+00   1.1113121e+00
   1.0000000e+00  -1.5074663e+00  -9.4139326e-01   1.9151541e-01   1.2167707e-01  -4.3370223e-01   4.3446401e-01
   2.0000000e+00  -6.7262385e-01   4.4444941e-01  -2.0595029e-01  -1.1496219e+00   1.0408754e+00  -8.5035703e-01
   1.0000000e+00   8.9670679e-01   1.2080061e+00   5.1887184e-01   1.7944120e+00  -1.6672092e-01   5.7272195e-01
   2.0000000e+00   1.9006131e-02  -6.0532025e-01   1.2576316e-01  -1.7213400e+00  -1.1047680e+00   5.3613641e-01
   2.0000000e+00   1.2581557e+00   1.6915129e-01   2.2088250e-01   3.7161289e-01   7.5030809e-01  -5.7217293e-01
   2.0000000e+00  -9.1342379e-02  -2.0998353e+00   8.7169370e-01   9.8344898e-01  -2.1464162e-01  -9.0514580e-01
   2.0000000e+00   4.2687388e-01  -3.1593079e-01  -3.1078821e-01  -4.3639957e-01   8.2721467e-01  -1.0582147e+00
   2.0000000e+00   4.4793933e-01   8.0055541e-01   4.9374788e-02   1.3539515e+00   6.8566775e-01   1.6669168e+00
   2.0000000e+00   2.2630662e-02  -7.6707200e-01   6.1735020e-01  -1.0958870e+00   7.3606069e-02  -2.1624936e-01
   2.0000000e+00  -1.3204947e+00  -5.3831725e-01   1.4136638e+00  -1.6525138e+00   6.0876680e-01  -2.9087863e-01
   2.0000000e+00   2.0309498e+00   1.4071515e+00   1.4686602e+00   3.3483959e-01  -1.2724452e+00  -7.1920541e-01
   2.0000000e+00   1.0054995e+00   5.7321388e-02   1.8419928e+00  -3.3599422e-01  -6.6471085e-01  -1.8006142e+00
   2.0000000e+00   4.2048187e-01  -1.4556979e+00   3.6919048e-01  -4.9612512e-01  -1.1610452e+00   1.3253273e+00
   2.0000000e+00  -5.2954667e-01   1.2486330e+00  -4.9897775e-01   6.5137542e-01  -3.3841460e-01  -4.7874165e-01
   2.0000000e+00  -8.0190398e-01  -1.2639444e-01  -8.6014459e-01  -1.3161817e-01   5.5654092e-01  -8.2737367e-01
   2.0000000e+00   7.3633171e-01   2.2367189e-01   2.3214474e-01  -6.3630371e-02  -3.6401273e-01  -1.0714508e-01
   2.0000000e+00   5.8892187e-02  -3.8705202e-01  -8.2689791e-01  -7.6282251e-01   5.2646551e-01  -1.8834208e+00
   2.0000000e+00  -2.1969860e+00  -1.1388785e+00   6.7958678e-01  -1.5869873e+00  -2.4518664e+00  -1.7956292e+00
   2.0000000e+00   1.3798911e+00   7.8661085e-01   1.2576547e+00   2.4381708e+00   5.0874952e-01   2.0920314e+00
   2.0000000e+00   4.4720870e-01   5.0352605e-01   1.3528273e-01  -2.2770361e-01   1.4220118e-01  -2.8981796e-01
   2.0000000e+00  -1.8184066e+00   6.4949042e-01  -6.5914262e-01   2.3578175e-01  -4.0994710e-01  -3.7275574e-01
   2.0000000e+00  -7.1257951e-01   1.1149648e+00   1.1777987e-01  -1.4858101e-01   1.6293297e+00   1.1506770e+00
   2.0000000e+00  -6.2179397e-01   1.9661332e+00   1.4993192e+00   4.5477105e-01  -2.4877770e-01   8.5257944e-01
   2.0000000e+00   5.4695232e-01  -1.5769803e-01  -3.2845171e-01   5.2977054e-02  -4.7132379e-01   1.3850593e+00
   1.0000000e+00   3.9705125e-01  -1.5346964e+00   4.4506901e-01   1.0215801e-01  -7.0449397e-01   6.6377272e-01
   2.0000000e+00   2.3485315e-01  -3.9185137e-01   1.2044257e+00  -1.9666638e-01  -2.8678156e-01  -3.7822628e-01
   2.0000000e+00  -3.6434472e-01   5.1533840e-02  -8.9799750e-01   7.8842163e-01   2.0148954e-01   9.9048090e-01
   2.0000000e+00   5.0436574e-01  -2.0764339e+00   6.1471788e-01   5.1621053e-02  -2.9774251e-01   3.5258801e-01
   2.0000000e+00  -1.3588677e-01  -2.9273920e-01  -5.6776472e-01  -1.0600259e-01  -2.6349758e+00  -3.7690136e-01
   2.0000000e+00   1.3821303e+00  -3.5658395e-01  -7.6571412e-01  -2.0367175e-03  -5.9243688e-01   1.0107269e+00
   2.0000000e+00  -4.9030240e-01  -1.2189676e-01  -1.7508426e+00  -7.6533847e-01  -3.0970810e-01  -3.7577784e-01
   2.0000000e+00   9.2969874e-01   4.2097780e-01   2.8091426e-01   9.1501598e-01  -1.3921748e+00   6.5044528e-01
   2.0000000e+00   1.7477061e-02  -6.9270748e-01  -3.8771097e-01  -5.2882045e-01   1.3913904e+00  -1.2406363e+00
   2.0000000e+00   2.2142391e-01  -5.8012943e-01   4.5034061e-01  -2.7782189e-01   2.1524905e-01  -1.1949557e+00
   2.0000000e+00  -1.4017651e+00  -6.2909429e-04   1.9181636e+00  -2.1528535e-01  -2.4946421e+00  -2.8769118e-01
   2.0000000e+00   1.4798615e+00   1.0654579e+00   3.4916842e-01  -9.4000846e-01   8.7522902e-01   1.1823185e+00
   1.0000000e+00   2.3024702e-01   3.0834581e-02   6.2808798e-02  -7.3099994e-01  -1.1498335e-01   3.3661424e-01
   2.0000000e+00   3.5594627e-01  -1.8503513e+00  -6.4423107e-01  -2.2406635e-01   1.6298442e+00  -1.4622098e+00
   2.0000000e+00  -1.1431161e+00  -2.3870578e+00  -1.4902087e+00   5.9877775e-01  -6.7678258e-01   3.4142799e-01
   2.0000000e+00   4.9292883e-01  -2.8623582e+00  -1.0435608e+00   3.7932290e-01   8.1278020e-01   7.7303717e-03
   2.0000000e+00  -2.8629336e-01   3.4354597e-01  -7.0028157e-01  -1.4566479e-01  -4.7057173e-03   2.5456787e+00
   2.0000000e+00  -1.1293727e+00   7.1205910e-01  -7.7577873e-01  -3.7389232e-02   2.4281783e-01   1.3476822e+00
   2.0000000e+00   1.9658713e-01   1.0375565e+00   5.6650385e-01   1.2943015e+00  -5.5034065e-01  -4.8622027e-01
   2.0000000e+00  -1.9617160e-01  -1.0698996e+00  -3.6450100e-01   4.4933738e-01  -1.4458578e-01  -3.4983786e-01
   1.0000000e+00  -5.4149066e-01  -1.1269910e+00   4.4140885e-01   1.0664232e+00  -7.6773322e-01   6.7674865e-02
   2.0000000e+00   7.7088668e-01  -1.2189547e-01  -2.8118819e-01  -2.3799642e-01   8.6434534e-01  -2.0018909e-01
   2.0000000e+00   4.8266788e-01  -4.8876859e-01   2.1497589e+00   1.0034667e+00  -1.1427379e+00   1.6429525e-02
   2.0000000e+00   2.0254010e+00   1.2382122e+00   5.6975294e-01  -1.2354072e+00   6.3538569e-01   1.0372328e+00
   2.0000000e+00   3.3151447e-02  -1.2294567e+00  -9.0188547e-01  -7.5989013e-02  -8.6337930e-01  -4.7125684e-01
   2.0000000e+00   2.4609525e+00  -9.1932815e-02   1.9567363e+00  -7.1533830e-01  -1.0947679e+00   3.3294645e-01
   2.0000000e+00  -2.0978470e-01  -1.3734057e+00   5.1248710e-02   1.3336536e+00   8.5000810e-01  -1.5540446e+00
   1.0000000e+00   7.1776311e-01  -6.2268034e-01   8.1528915e-01  -6.4397665e-01  -2.4141890e-01   1.0899901e-01
   2.0000000e+00   1.0922181e+00  -9.5424998e-01  -1.1293941e+00  -3.1245894e-01  -9.5134260e-01   1.2675038e+00
   2.0000000e+00  -1.6152375e+00  -8.5221918e-02   1.1544108e+00   1.2758879e+00  -1.0216780e+00  -1.4770878e+00
   2.0000000e+00  -2.2571196e+00  -1.1269234e+00  -1.4556884e-01  -1.2532287e+00  -1.9472631e+00  -7.5462339e-01
   2.0000000e+00   3.1690070e-01   4.3012103e-01   1.7128277e+00   2.4761765e+00   3.8387491e-01   1.8385281e+00
   2.0000000e+00   1.8953038e-01   9.0386039e-01   2.5318758e-01  -7.2565493e-02   5.0665645e-01  -5.5379866e-01
   1.0000000e+00   4.3759175e-01  -1.5482140e-01  -2.4472079e-01  -1.2359574e+00   1.5066304e-01   4.2664677e-01
   1.0000000e+00   1.3489175e+00   1.2106352e+00  -2.4033921e-01   7.9594095e-01  -2.2495504e-01   4.8305398e-01
   2.0000000e+00  -7.2043674e-01  -6.8318450e-01  -9.2571114e-02   1.3259418e+00  -2.2165828e-02   1.6816998e+00
   2.0000000e+00   8.7376553e-02   1.4338358e+00   9.0353159e-01  -2.8765760e-01   1.0302035e+00  -4.7226401e-01
   2.0000000e+00   4.4941714e-01   3.4929312e-01   7.1641498e-01   2.8816399e-01   5.4229795e-02  -1.9036548e-01
   2.0000000e+00   3.7469147e-01  -1.1871465e+00   1.0343688e+00   1.3405352e+00   1.0966994e-01  -3.0246220e-01
   2.0000000e+00   6.7083093e-01   1.6738953e+00   4.7594599e-01  -3.1454133e-01   1.0062746e+00  -8.8883369e-01
   2.0000000e+00   3.0205210e-01  -3.5674582e-01   1.2500613e+00  -9.9572522e-01  -6.1789784e-01   1.0587898e+00
   2.0000000e+00  -6.1199344e-01  -1.4213881e+00  -2.0648014e-01  -7.2343466e-01  -6.1516985e-01  -2.9362821e-01
   1.0000000e+00  -8.5584444e-01   8.4212403e-01  -1.1541787e+00  -3.2844732e-01   6.0193331e-01   7.0157391e-01
   2.0000000e+00   1.3850688e+00   3.6932158e-01  -1.6250503e+00  -8.6654146e-01   1.7665897e-01  -9.7375611e-02
   2.0000000e+00   3.7876426e-01  -2.6449108e+00   5.8523869e-01  -3.8185392e-01   6.2186466e-01   1.2978513e+00
   2.0000000e+00   1.8827445e-01  -1.7451940e+00  -8.5332073e-01   7.6430911e-02  -6.5440126e-01  -1.4015229e+00
   2.0000000e+00   9.2447884e-02   1.2593356e+00   7.6716475e-01   2.6150411e-01   5.2231375e-01  -2.8856146e-01
   2.0000000e+00  -1.7510894e-01  -4.6115265e-01   1.7745284e+00  -5.6057365e-01  -1.4542074e+00   8.7194462e-01
   2.0000000e+00  -1.9637597e-01  -5.3846258e-01   4.7874727e-01  -6.2444919e-01  -1.7083953e+00  -1.3504166e-01
   2.0000000e+00   1.3731954e-01   3.8791997e-01  -3.0065233e-01   4.1422338e-01   1.6126345e+00   6.0712271e-01
   2.0000000e+00  -6.5671771e-01   3.6968195e-01   3.8694587e-02   1.4128400e+00   1.1239165e+00   1.3466503e+00
   1.0000000e+00   5.9165621e-01   1.0988005e+00   2.8492499e-02  -4.4988316e-01   4.0997976e-01   6.5207433e-03
   1.0000000e+00  -1.2240475e+00   5.0888324e-01  -3.3976859e-01  -9.7346962e-01   9.6435490e-02   1.7940324e-02
   1.0000000e+00  -4.2307347e-01  -4.8189103e-01  -1.6431229e+00   1.9940452e-01  -6.9803259e-01   6.8116934e-01
   2.0000000e+00   1.1281340e+00   2.6383377e-01   7.6565267e-01  -5.3893347e-01   2.0060408e-01  -1.1019827e+00
   2.0000000e+00  -8.6794820e-01  -1.4892796e+00   2.6278486e-01  -7.0297017e-01  -6.6064318e-02   1.5750708e+00
   2.0000000e+00   1.2980233e+00   5.8403959e-01  -1.6306186e+00  -9.3681193e-01   1.2835255e+00  -1.6137376e+00
   2.0000000e+00   5.6819226e-01  -1.4049318e+00   9.8030359e-01  -1.0167751e+00  -6.9610678e-01  -5.2087332e-01
   2.0000000e+00   2.2124365e-01   5.3041529e-01  -1.8370673e-01  -7.4115881e-03   5.5888136e-01  -6.2062969e-01
   2.0000000e+00  -2.4968628e-01   1.0565315e+00   8.0264044e-01  -1.1180616e+00  -2.4259138e+00   1.2128127e+00
   2.0000000e+00  -6.6265932e-02   4.1815910e-01   1.0151963e-01   5.6235086e-01  -1.4252050e+00   1.1744156e+00
   2.0000000e+00   9.2964601e-02   9.7935493e-01   2.9956142e-01   6.6971062e-01   2.0629459e+00   1.3400671e-01
   2.0000000e+00   4.5219433e-01   1.4873196e+00   1.6757925e-02   6.3231353e-01   9.8537683e-01  -1.7980448e+00
   2.0000000e+00   2.9735246e-02   9.2226382e-01  -3.4249004e-01   3.1927352e-01   1.2568345e+00  -3.5928677e-01
   2.0000000e+00  -1.0921414e+00  -6.7774418e-02   9.0427855e-01  -2.0615085e-01  -7.1676726e-01  -1.3766656e+00
   2.0000000e+00  -7.1079462e-01  -4.3950314e-01   1.1109719e+00   2.1953055e+00   3.5360008e-02  -6.1615746e-01
   2.0000000e+00  -8.0596921e-01   1.3914720e+00   6.8564515e-02   6.9116935e-01  -9.4019111e-02  -2.7499520e-01
   2.0000000e+00   9.9333135e-01   7.3046169e-01  -1.5791867e+00  -1.0163322e+00   1.2112024e+00   6.9681659e-02
   1.0000000e+00  -2.3310996e-01   7.3515094e-01  -8.4678687e-01  -1.5567392e+00  -4.9082432e-01   4.5088971e-01
   1.0000000e+00   1.2556084e+00   1.4936795e+00   6.5682631e-01  -1.0319457e-01   3.2100665e-02   3.1331337e-01
   2.0000000e+00  -3.2678518e-01  -1.0113358e+00   4.3532516e-01  -3.4083001e-01  -4.8527152e-01  -6.1007129e-01
   2.0000000e+00  -9.6477937e-01  -2.1258947e+00   4.0899143e-01  -1.8726919e+00   3.6200271e-01  -2.0480905e-01
   2.0000000e+00   7.7221090e-01  -2.1180421e+00   2.0652509e+00  -2.4512548e-01   1.7051234e-01  -2.7042218e-01
   2.0000000e+00  -5.7863429e-01  -6.6600131e-01   2.6302418e-02  -1.9178565e-02  -9.1910152e-01  -1.4536712e+00
   2.0000000e+00   1.2517159e+00   6.3652878e-01   1.4359443e+00   8.3328337e-01   2.8816000e-01  -1.4332966e+00
   2.0000000e+00   1.9730226e-01   2.1154035e-01  -1.3359488e+00  -3.7833697e-01  -1.0568385e+00   4.0412802e-01
   2.0000000e+00  -1.2779740e+00  -1.1541192e+00  -6.7440564e-01  -1.4116592e+00  -1.7922059e-01  -6.6976926e-01
   2.0000000e+00   7.7819949e-01   9.5021661e-01   1.6676498e-01   5.2890672e-02   5.3585596e-01  -1.0461639e+00
   1.0000000e+00  -1.2870060e+00  -7.9615852e-01   1.9606524e-01   1.8998544e+00   9.5792073e-01   2.4721077e-02
   2.0000000e+00   2.5626816e+00  -6.6286168e-01  -6.4138801e-01   4.9886188e-01   1.1985979e+00   1.0552025e+00
   1.0000000e+00  -9.8782434e-01  -9.6621397e-01   2.7051406e-01   9.2502408e-01  -2.4827034e-01   7.0789701e-01
   2.0000000e+00  -2.3632595e-01   1.4715646e+00   5.5098799e-01   1.1061580e+00   7.4817722e-01   7.6149552e-01
   2.0000000e+00   4.1155839e-01  -1.3402996e+00   6.3433748e-01  -1.4011596e+00   1.1344857e+00   8.0226125e-01
   1.0000000e+00   3.9033026e-01   4.5833810e-03   2.9449698e-01   5.0169113e-01   8.3733053e-01   1.7918279e-01
   2.0000000e+00   2.2835197e-01   1.5432681e+00   1.2775087e+00   1.8243031e+00   6.8362915e-01  -1.7568199e+00
   2.0000000e+00   5.6674483e-01   1.4737252e-01  -8.0195231e-01   1.0360604e+00  -1.9973679e-01  -4.3235748e-02
   1.0000000e+00   1.7955984e+00   1.8108736e-01  -3.8434211e-01  -2.0868773e+00   2.1142326e-01   8.2094372e-01
   2.0000000e+00  -3.6267994e-02  -3.1335725e+00   1.4810331e+00   6.9504434e-01  -2.0928827e-01  -5.0415525e-01
   2.0000000e+00   6.8121204e-01   3.0239869e+00  -9.5472204e-02   3.5710774e-01  -3.9040810e-01   7.7682912e-02
   2.0000000e+00  -2.6240809e-01   6.6715757e-01   1.5240802e+00  -6.3235478e-01   8.0451858e-02  -1.3303806e+00
   2.0000000e+00   8.4772230e-01  -2.8747035e-01   1.0049756e+00  -1.2040377e+00  -1.3636511e+00  -1.5019447e+00
   2.0000000e+00  -1.4742858e-02   1.5372267e-01   1.1403399e+00  -1.4242875e-02  -4.4359347e-01   1.3420460e+00
   2.0000000e+00   5.4767836e-01  -9.4343063e-01  -1.6823952e+00  -1.8936560e+00  -1.0193181e+00   7.5815651e-01
   2.0000000e+00   1.7800968e+00   2.9170918e-01  -3.6307579e-01  -2.0504037e-01   1.6325913e+00   6.5118425e-01
   2.0000000e+00   5.2691317e-01   5.6608602e-01   1.1342274e+00  -7.5149339e-02   1.6052203e-01   1.2758753e+00
   1.0000000e+00  -1.2586605e+00   1.6690583e+00  -1.4349702e+00  -5.6443396e-01  -3.0881078e-01   1.7967556e-01
   1.0000000e+00  -1.0539884e+00  -1.2418932e+00   8.4307169e-01   1.2787071e+00  -4.5940252e-01   3.9843757e-01
   2.0000000e+00   1.0317205e+00  -9.8316814e-01  -2.4762142e-01  -1.7432512e+00  -4.5140018e-01  -8.4593885e-01
   2.0000000e+00  -8.7491961e-01  -7.8309414e-01   1.2757430e-02   8.9426891e-02   4.4511630e-02  -2.5138343e-01
   2.0000000e+00   8.4921814e-01  -2.0580667e-01  -8.8718428e-01   2.0832937e+00   3.3287894e+00  -1.3053730e+00
   2.0000000e+00   2.5765384e-01  -7.8434744e-01   1.4484509e+00  -1.1126772e+00  -2.9933664e-01  -1.4772683e+00
   2.0000000e+00  -3.1045212e-01   1.2557368e+00   1.7506285e-01   1.0390436e+00  -2.2919636e-01  -1.0801444e+00
   2.0000000e+00   2.7525510e-01   3.1793659e-01   8.9663464e-01  -8.3212963e-01   2.1747870e-01   1.4254839e+00
   1.0000000e+00  -2.8746700e-01  -5.0368922e-01  -5.2294996e-01   1.4025964e+00  -5.1185101e-01   5.1916110e-01
   2.0000000e+00   1.4018571e-01   1.1245351e+00  -7.5969202e-02  -4.2659634e-01   1.3193297e+00   1.7261300e+00
   1.0000000e+00  -1.2331696e-01  -6.2129485e-01  -6.3838406e-01   8.5525427e-01  -7.8845607e-01   8.4543475e-02
   2.0000000e+00   6.2989516e-01   2.5095332e+00  -6.2016648e-01  -1.9273481e-01   3.5505105e-02   1.5712607e+00
   2.0000000e+00   4.8073068e-01  -1.6177446e+00   1.1383309e+00  -6.9734540e-01  -6.1892508e-01  -1.4557671e+00
   1.0000000e+00   1.0985057e+00   5.4100281e-01   3.7861820e-01  -2.0754093e+00   1.5569985e-01   3.5790154e-01
   2.0000000e+00  -2.3968370e-01  -1.1483273e+00  -1.8020053e+00   1.0501153e+00   1.3890984e+00   7.5507598e-02
   2.0000000e+00   4.0322567e-01   1.7965340e-01   2.0163097e-01   1.6791176e+00   9.6711933e-01  -4.5837315e-01
   2.0000000e+00  -3.2771210e-01  -3.6229991e-01  -7.4557408e-01  -1.6128990e-01   1.3211019e+00   2.1170938e-01
   1.0000000e+00   7.7663944e-01   7.5587044e-01   1.2736771e-01   6.4632023e-01  -1.3732701e-01   7.8592755e-01
   2.0000000e+00  -9.7136220e-01   6.3168788e-01  -1.7700890e-01   1.0600657e+00  -6.4024688e-01  -7.9046856e-01
   2.0000000e+00  -1.6308333e+00   1.1870587e+00   1.9084176e+00   7.8954747e-01  -1.5923976e+00   5.6202164e-01
